Training Log
Model: hiera_base_224.mae
Model Details: 
Dataset: imagenet1k
Representation: ep
Batch size per GPU: 256
Base learning rate: 0.1
Effective batch size: 4096
Trainable Parameters: 1,383,400
Epoch, Train Loss, Train Acc1, Val Loss, Val Acc1, Val Acc5
0, 6.3453, 5.35, 5.0264, 20.90, 41.59
1, 3.7820, 35.74, 2.6142, 49.53, 75.22
2, 2.3134, 53.19, 1.8112, 59.81, 83.28
3, 1.7980, 60.25, 1.5005, 64.84, 86.49
4, 1.5723, 63.93, 1.3710, 66.88, 87.96
5, 1.4655, 65.86, 1.2997, 68.11, 88.70
6, 1.4089, 66.97, 1.2586, 69.01, 89.28
7, 1.3677, 67.74, 1.2422, 69.44, 89.39
8, 1.3342, 68.42, 1.2110, 69.86, 89.73
9, 1.3022, 69.03, 1.1808, 70.59, 90.12
10, 1.2703, 69.61, 1.1592, 70.97, 90.43
11, 1.2400, 70.29, 1.1458, 71.52, 90.60
12, 1.2163, 70.76, 1.1202, 72.00, 90.97
13, 1.1947, 71.24, 1.1061, 72.17, 91.15
14, 1.1769, 71.56, 1.0997, 72.34, 91.25
15, 1.1626, 71.93, 1.0960, 72.58, 91.18
16, 1.1498, 72.12, 1.0911, 72.56, 91.30
17, 1.1400, 72.40, 1.0858, 72.89, 91.32
18, 1.1296, 72.54, 1.0739, 73.15, 91.50
19, 1.1214, 72.74, 1.0822, 72.91, 91.43
20, 1.1147, 72.89, 1.0822, 72.87, 91.43
21, 1.1043, 73.06, 1.0730, 73.08, 91.61
22, 1.1002, 73.19, 1.0716, 73.32, 91.57
23, 1.0913, 73.32, 1.0743, 73.10, 91.61
24, 1.0852, 73.46, 1.0711, 73.34, 91.71
25, 1.0806, 73.57, 1.0716, 73.37, 91.67
26, 1.0743, 73.61, 1.0716, 73.27, 91.69
27, 1.0714, 73.74, 1.0668, 73.48, 91.70
28, 1.0649, 73.91, 1.0672, 73.49, 91.71
29, 1.0599, 73.95, 1.0686, 73.48, 91.68
30, 1.0535, 74.15, 1.0583, 73.53, 91.73
31, 1.0524, 74.18, 1.0605, 73.70, 91.76
32, 1.0447, 74.29, 1.0543, 73.70, 91.92
33, 1.0424, 74.39, 1.0494, 73.90, 91.89
34, 1.0395, 74.45, 1.0569, 73.68, 91.91
35, 1.0367, 74.52, 1.0561, 73.62, 91.82
36, 1.0283, 74.64, 1.0519, 73.79, 91.90
37, 1.0260, 74.75, 1.0515, 73.77, 91.83
38, 1.0205, 74.82, 1.0520, 73.80, 91.92
39, 1.0167, 74.91, 1.0531, 73.78, 91.95
40, 1.0111, 75.04, 1.0459, 74.06, 92.03
41, 1.0071, 75.07, 1.0405, 74.17, 92.02
42, 1.0045, 75.19, 1.0475, 74.03, 91.96
43, 0.9990, 75.31, 1.0443, 74.06, 92.01
44, 0.9944, 75.41, 1.0377, 74.11, 92.07
45, 0.9914, 75.48, 1.0374, 74.25, 92.07
46, 0.9873, 75.59, 1.0311, 74.43, 92.17
47, 0.9829, 75.69, 1.0352, 74.32, 92.08
48, 0.9784, 75.79, 1.0327, 74.27, 92.04
49, 0.9733, 75.92, 1.0230, 74.69, 92.23
50, 0.9694, 76.01, 1.0213, 74.62, 92.23
51, 0.9661, 76.07, 1.0189, 74.53, 92.20
52, 0.9618, 76.17, 1.0219, 74.68, 92.20
53, 0.9577, 76.28, 1.0175, 74.71, 92.26
54, 0.9531, 76.40, 1.0210, 74.65, 92.21
55, 0.9496, 76.45, 1.0151, 74.80, 92.26
56, 0.9425, 76.59, 1.0095, 74.88, 92.25
57, 0.9412, 76.68, 1.0110, 74.83, 92.29
58, 0.9377, 76.72, 1.0110, 74.61, 92.30
59, 0.9337, 76.89, 1.0088, 74.82, 92.31
60, 0.9281, 76.93, 1.0069, 74.97, 92.34
61, 0.9243, 77.08, 0.9994, 75.13, 92.40
62, 0.9208, 77.12, 1.0014, 75.09, 92.44
63, 0.9189, 77.24, 0.9952, 75.08, 92.45
64, 0.9157, 77.32, 0.9965, 75.25, 92.39
65, 0.9112, 77.43, 0.9958, 75.05, 92.49
66, 0.9090, 77.45, 0.9896, 75.27, 92.46
67, 0.9058, 77.53, 0.9920, 75.18, 92.47
68, 0.9035, 77.64, 0.9874, 75.26, 92.49
69, 0.8981, 77.73, 0.9865, 75.39, 92.53
70, 0.8993, 77.74, 0.9852, 75.29, 92.46
71, 0.8945, 77.84, 0.9837, 75.34, 92.56
72, 0.8912, 77.94, 0.9841, 75.32, 92.55
73, 0.8895, 77.96, 0.9822, 75.34, 92.53
74, 0.8875, 77.98, 0.9799, 75.41, 92.57
75, 0.8840, 78.09, 0.9800, 75.54, 92.55
76, 0.8832, 78.10, 0.9801, 75.52, 92.55
77, 0.8823, 78.16, 0.9792, 75.49, 92.57
78, 0.8806, 78.24, 0.9781, 75.55, 92.59
79, 0.8792, 78.27, 0.9760, 75.55, 92.60
80, 0.8746, 78.37, 0.9757, 75.64, 92.62
81, 0.8749, 78.37, 0.9757, 75.53, 92.62
82, 0.8737, 78.40, 0.9750, 75.61, 92.58
83, 0.8710, 78.45, 0.9746, 75.62, 92.65
84, 0.8713, 78.44, 0.9744, 75.64, 92.63
85, 0.8714, 78.43, 0.9741, 75.66, 92.59
86, 0.8696, 78.48, 0.9742, 75.68, 92.63
87, 0.8698, 78.46, 0.9732, 75.66, 92.58
88, 0.8709, 78.46, 0.9743, 75.63, 92.58
[early-stop] no gain > 0.05 pts for 8 epochs (best 75.64%); stopping at epoch 88 of 90

Final Results:
Max Accuracy: 75.68%
Final Val Acc1: 75.63%
Final Val Acc5: 92.58%
Total Training Time: 16:02:20
