Training Log
Model: hiera_base_224.mae
Model Details: 
Dataset: imagenet1k
Representation: pos
Batch size per GPU: 256
Base learning rate: 0.1
Effective batch size: 4096
Trainable Parameters: 769,000
Epoch, Train Loss, Train Acc1, Val Loss, Val Acc1, Val Acc5
0, 6.6583, 2.74, 5.8044, 13.44, 28.41
1, 4.7233, 26.73, 3.5283, 40.17, 65.12
2, 3.0466, 44.70, 2.4308, 51.37, 76.13
3, 2.3559, 52.53, 2.0072, 56.95, 80.70
4, 2.0521, 56.66, 1.7919, 60.30, 82.96
5, 1.8866, 59.03, 1.6715, 61.98, 84.34
6, 1.7852, 60.60, 1.5912, 63.36, 85.37
7, 1.7168, 61.67, 1.5410, 64.25, 85.85
8, 1.6709, 62.38, 1.5005, 64.80, 86.22
9, 1.6367, 62.89, 1.4752, 65.19, 86.57
10, 1.6113, 63.30, 1.4594, 65.39, 86.57
11, 1.5890, 63.69, 1.4474, 65.68, 86.80
12, 1.5702, 64.04, 1.4314, 65.92, 87.11
13, 1.5577, 64.26, 1.4238, 66.06, 87.08
14, 1.5469, 64.47, 1.4222, 66.24, 87.12
15, 1.5378, 64.63, 1.4138, 66.36, 87.27
16, 1.5310, 64.74, 1.4135, 66.31, 87.29
17, 1.5228, 64.90, 1.4043, 66.71, 87.42
18, 1.5166, 65.01, 1.3982, 66.73, 87.37
19, 1.5144, 65.08, 1.4008, 66.81, 87.40
20, 1.5095, 65.16, 1.3949, 66.85, 87.52
21, 1.5036, 65.26, 1.3935, 66.67, 87.57
22, 1.4992, 65.32, 1.3975, 66.67, 87.52
23, 1.4977, 65.38, 1.3856, 67.03, 87.60
24, 1.4918, 65.46, 1.3927, 66.94, 87.53
25, 1.4911, 65.49, 1.3840, 66.87, 87.61
26, 1.4871, 65.57, 1.3913, 66.80, 87.65
27, 1.4843, 65.63, 1.3827, 67.03, 87.64
28, 1.4803, 65.71, 1.3803, 66.96, 87.80
29, 1.4777, 65.79, 1.3830, 67.36, 87.81
30, 1.4735, 65.90, 1.3750, 67.27, 87.66
31, 1.4738, 65.83, 1.3828, 67.17, 87.70
32, 1.4690, 65.91, 1.3787, 67.20, 87.81
33, 1.4651, 66.02, 1.3730, 67.36, 87.80
34, 1.4613, 66.12, 1.3731, 67.44, 87.75
35, 1.4615, 66.10, 1.3749, 67.42, 87.84
36, 1.4581, 66.19, 1.3669, 67.52, 87.83
37, 1.4539, 66.22, 1.3715, 67.31, 87.80
38, 1.4499, 66.38, 1.3639, 67.52, 87.94
39, 1.4486, 66.41, 1.3623, 67.75, 87.86
40, 1.4445, 66.46, 1.3621, 67.60, 87.88
41, 1.4418, 66.58, 1.3605, 67.48, 87.96
42, 1.4382, 66.61, 1.3572, 67.68, 87.97
43, 1.4349, 66.64, 1.3597, 67.68, 87.91
44, 1.4314, 66.70, 1.3544, 67.90, 88.00
45, 1.4281, 66.78, 1.3528, 67.83, 88.02
46, 1.4252, 66.87, 1.3444, 67.90, 88.18
47, 1.4224, 66.95, 1.3465, 67.89, 88.14
48, 1.4207, 66.95, 1.3442, 68.07, 88.09
49, 1.4163, 67.07, 1.3375, 68.13, 88.19
50, 1.4128, 67.19, 1.3376, 68.06, 88.19
51, 1.4088, 67.23, 1.3359, 68.16, 88.15
52, 1.4056, 67.30, 1.3352, 68.15, 88.11
53, 1.4011, 67.39, 1.3308, 68.35, 88.21
54, 1.4026, 67.43, 1.3342, 68.15, 88.19
55, 1.3942, 67.53, 1.3280, 68.38, 88.20
56, 1.3913, 67.59, 1.3268, 68.50, 88.31
57, 1.3899, 67.70, 1.3218, 68.54, 88.29
58, 1.3846, 67.75, 1.3196, 68.43, 88.35
59, 1.3811, 67.81, 1.3208, 68.55, 88.33
60, 1.3786, 67.89, 1.3200, 68.57, 88.28
61, 1.3756, 67.98, 1.3153, 68.56, 88.41
62, 1.3721, 68.05, 1.3138, 68.68, 88.49
63, 1.3708, 68.13, 1.3115, 68.78, 88.38
64, 1.3661, 68.20, 1.3095, 68.62, 88.49
65, 1.3636, 68.25, 1.3077, 68.81, 88.46
66, 1.3604, 68.34, 1.3033, 68.85, 88.51
67, 1.3598, 68.32, 1.3041, 68.79, 88.57
68, 1.3584, 68.41, 1.3016, 68.82, 88.47
69, 1.3547, 68.44, 1.3008, 68.99, 88.55
70, 1.3519, 68.56, 1.2979, 68.94, 88.51
71, 1.3496, 68.62, 1.2981, 68.98, 88.50
72, 1.3469, 68.68, 1.2973, 69.00, 88.57
73, 1.3438, 68.76, 1.2969, 69.07, 88.58
74, 1.3419, 68.79, 1.2943, 69.02, 88.59
75, 1.3399, 68.83, 1.2934, 69.18, 88.63
76, 1.3397, 68.92, 1.2921, 69.13, 88.66
77, 1.3368, 68.91, 1.2920, 69.17, 88.60
78, 1.3374, 68.90, 1.2912, 69.18, 88.65
79, 1.3334, 69.00, 1.2892, 69.19, 88.63
80, 1.3332, 69.05, 1.2898, 69.25, 88.68
81, 1.3316, 69.08, 1.2887, 69.25, 88.66
82, 1.3295, 69.11, 1.2881, 69.21, 88.67
83, 1.3301, 69.10, 1.2883, 69.23, 88.66
84, 1.3283, 69.17, 1.2884, 69.25, 88.68
85, 1.3281, 69.15, 1.2886, 69.23, 88.63
86, 1.3274, 69.21, 1.2881, 69.25, 88.64
87, 1.3271, 69.22, 1.2880, 69.23, 88.66
88, 1.3301, 69.17, 1.2877, 69.23, 88.64
[early-stop] no gain > 0.05 pts for 8 epochs (best 69.25%); stopping at epoch 88 of 90

Final Results:
Max Accuracy: 69.25%
Final Val Acc1: 69.23%
Final Val Acc5: 88.64%
Total Training Time: 16:24:35
