Training Log
Model: ViT-SO400M-14-SigLIP2
Model Details: 
Dataset: imagenet1k
Representation: ep
Batch size per GPU: 256
Base learning rate: 0.1
Effective batch size: 4096
Trainable Parameters: 2,516,968
Epoch, Train Loss, Train Acc1, Val Loss, Val Acc1, Val Acc5
0, 5.4960, 24.93, 2.9208, 66.72, 88.06
1, 1.2793, 80.49, 0.7449, 83.20, 96.97
2, 0.5345, 86.82, 0.5273, 86.08, 97.93
3, 0.4074, 88.76, 0.4556, 87.15, 98.40
4, 0.3556, 89.68, 0.4338, 87.57, 98.59
5, 0.3299, 90.21, 0.4264, 87.64, 98.60
6, 0.3112, 90.64, 0.4259, 87.68, 98.55
7, 0.2969, 90.98, 0.4310, 87.51, 98.57
8, 0.2849, 91.27, 0.4366, 87.56, 98.53
9, 0.2751, 91.49, 0.4451, 87.12, 98.53
10, 0.2640, 91.75, 0.4492, 87.36, 98.46
11, 0.2505, 92.10, 0.4575, 87.29, 98.44
12, 0.2374, 92.46, 0.4644, 87.20, 98.44
13, 0.2247, 92.83, 0.4715, 87.14, 98.41
14, 0.2122, 93.17, 0.4844, 87.07, 98.34
15, 0.2000, 93.52, 0.4940, 86.87, 98.26
16, 0.1868, 93.90, 0.5081, 86.73, 98.27
17, 0.1752, 94.26, 0.5223, 86.73, 98.21
18, 0.1643, 94.59, 0.5331, 86.54, 98.19
19, 0.1537, 94.92, 0.5493, 86.48, 98.12
20, 0.1439, 95.23, 0.5714, 86.16, 98.09
21, 0.1357, 95.51, 0.5845, 85.96, 98.01
22, 0.1275, 95.78, 0.6068, 86.00, 98.00
23, 0.1206, 96.00, 0.6182, 86.09, 97.92
24, 0.1142, 96.23, 0.6377, 85.87, 97.86
25, 0.1081, 96.43, 0.6520, 85.86, 97.83
26, 0.1035, 96.58, 0.6711, 85.89, 97.83
27, 0.0994, 96.73, 0.6946, 85.69, 97.75
28, 0.0947, 96.90, 0.7144, 85.74, 97.75
29, 0.0917, 97.02, 0.7207, 85.64, 97.68
[early-stop] no gain > 0.05 pts for 24 epochs (best 87.64%); stopping at epoch 29 of 90

Final Results:
Max Accuracy: 87.68%
Final Val Acc1: 85.64%
Final Val Acc5: 97.68%
Total Training Time: 7:44:24
