Training Log
Model: dinov2_vitb14
Model Details: 
Dataset: imagenet1k
Representation: ep
Batch size per GPU: 256
Base learning rate: 0.1
Effective batch size: 4096
Trainable Parameters: 1,383,400
Epoch, Train Loss, Train Acc1, Val Loss, Val Acc1, Val Acc5
0, 5.9769, 13.83, 3.9354, 45.32, 72.29
1, 2.3838, 60.64, 1.3374, 72.66, 92.50
2, 1.1781, 73.92, 0.8808, 78.52, 94.91
3, 0.9124, 77.97, 0.7456, 80.77, 95.89
4, 0.8126, 79.76, 0.6873, 81.81, 96.32
5, 0.7637, 80.77, 0.6583, 82.45, 96.59
6, 0.7319, 81.40, 0.6405, 82.91, 96.74
7, 0.7105, 81.81, 0.6285, 83.01, 96.90
8, 0.6924, 82.13, 0.6190, 83.14, 97.01
9, 0.6785, 82.44, 0.6099, 83.36, 97.05
10, 0.6615, 82.79, 0.6057, 83.51, 97.10
11, 0.6466, 83.16, 0.5987, 83.60, 97.10
12, 0.6302, 83.52, 0.5940, 83.65, 97.18
13, 0.6189, 83.81, 0.5897, 83.87, 97.16
14, 0.6067, 84.03, 0.5949, 83.85, 97.16
15, 0.5982, 84.21, 0.5885, 83.89, 97.17
16, 0.5876, 84.46, 0.5978, 83.73, 97.10
17, 0.5810, 84.61, 0.5983, 84.01, 97.08
18, 0.5732, 84.83, 0.5965, 83.86, 97.06
19, 0.5677, 84.96, 0.5986, 83.76, 97.10
20, 0.5615, 85.08, 0.6024, 83.79, 97.09
21, 0.5549, 85.24, 0.6085, 83.69, 97.07
22, 0.5499, 85.39, 0.6122, 83.40, 97.07
23, 0.5459, 85.46, 0.6103, 83.75, 97.05
24, 0.5409, 85.61, 0.6127, 83.71, 97.07
25, 0.5366, 85.67, 0.6182, 83.61, 96.98
[early-stop] no gain > 0.05 pts for 8 epochs (best 84.01%); stopping at epoch 25 of 90

Final Results:
Max Accuracy: 84.01%
Final Val Acc1: 83.61%
Final Val Acc5: 96.98%
Total Training Time: 5:16:36
