Training Log
Model: ViT-bigG-14-worldwide
Model Details: 
Dataset: imagenet1k
Representation: ep
Batch size per GPU: 128
Base learning rate: 0.1
Effective batch size: 4096
Trainable Parameters: 4,487,144
Epoch, Train Loss, Train Acc1, Val Loss, Val Acc1, Val Acc5
0, 5.2154, 31.14, 2.2492, 75.20, 92.52
1, 0.9500, 84.07, 0.6089, 85.06, 97.47
2, 0.4669, 87.79, 0.5006, 86.39, 98.02
3, 0.3931, 89.04, 0.4697, 86.89, 98.19
4, 0.3541, 89.82, 0.4570, 87.07, 98.29
5, 0.3272, 90.41, 0.4546, 87.09, 98.34
6, 0.3060, 90.89, 0.4573, 87.11, 98.28
7, 0.2887, 91.26, 0.4652, 86.83, 98.25
8, 0.2741, 91.59, 0.4755, 86.90, 98.26
9, 0.2629, 91.84, 0.4885, 86.49, 98.11
10, 0.2513, 92.12, 0.4970, 86.48, 98.24
11, 0.2360, 92.51, 0.5081, 86.49, 98.15
12, 0.2225, 92.90, 0.5205, 86.23, 98.11
13, 0.2088, 93.24, 0.5304, 86.11, 98.09
14, 0.1961, 93.62, 0.5422, 86.13, 98.01
15, 0.1820, 94.01, 0.5555, 86.11, 97.98
16, 0.1673, 94.49, 0.5672, 85.99, 97.97
17, 0.1540, 94.91, 0.5897, 85.87, 97.91
18, 0.1418, 95.29, 0.5934, 85.87, 97.85
19, 0.1301, 95.72, 0.6107, 85.85, 97.85
20, 0.1197, 96.05, 0.6327, 85.60, 97.79
21, 0.1108, 96.38, 0.6504, 85.52, 97.71
22, 0.1028, 96.65, 0.6681, 85.57, 97.64
23, 0.0972, 96.90, 0.6827, 85.42, 97.58
24, 0.0916, 97.11, 0.7131, 85.37, 97.52
25, 0.0878, 97.26, 0.7275, 85.51, 97.53
26, 0.0850, 97.39, 0.7448, 85.47, 97.45
27, 0.0818, 97.52, 0.7540, 85.50, 97.49
28, 0.0788, 97.63, 0.7688, 85.25, 97.46
29, 0.0769, 97.74, 0.7826, 85.38, 97.40
[early-stop] no gain > 0.05 pts for 25 epochs (best 87.07%); stopping at epoch 29 of 90

Final Results:
Max Accuracy: 87.11%
Final Val Acc1: 85.38%
Final Val Acc5: 97.40%
Total Training Time: 1 day, 5:38:44
