Training Log
Model: vit_base_patch16
Model Details: /scratch/project_465003083/psomasva/checkpoints/converted_checkpoints/vit_base_patch16_224.beitv2/checkpoint-799.pth
Dataset: imagenet1k
Representation: cls
Batch size per GPU: 256
Base learning rate: 0.1
Effective batch size: 4096
Trainable Parameters: 769,000
Epoch, Train Loss, Train Acc1, Val Loss, Val Acc1, Val Acc5
0, 6.9070, 0.20, 6.9078, 0.10, 0.50
1, 6.9059, 0.51, 6.9075, 0.13, 1.32
2, 6.8969, 3.73, 6.8966, 9.85, 17.39
3, 6.8772, 15.69, 6.8490, 40.69, 59.01
4, 6.7920, 38.63, 6.6414, 55.61, 77.01
5, 6.3068, 52.59, 5.3512, 61.19, 82.81
6, 3.8764, 60.10, 1.6607, 70.51, 88.97
7, 1.7527, 67.42, 1.1162, 74.54, 91.79
8, 1.4180, 70.25, 1.0082, 76.00, 92.80
9, 1.3067, 71.46, 0.9616, 76.78, 93.24
10, 1.2460, 72.25, 0.9345, 77.18, 93.39
11, 1.2079, 72.73, 0.9218, 77.47, 93.51
12, 1.1847, 73.01, 0.9130, 77.41, 93.58
13, 1.1668, 73.27, 0.8993, 77.70, 93.75
14, 1.1562, 73.38, 0.9031, 77.65, 93.75
15, 1.1427, 73.54, 0.8968, 77.74, 93.88
16, 1.1353, 73.61, 0.8957, 77.76, 93.81
17, 1.1307, 73.74, 0.8944, 77.90, 93.86
18, 1.1244, 73.75, 0.8955, 77.72, 93.88
19, 1.1208, 73.83, 0.8900, 77.78, 93.89
20, 1.1143, 73.90, 0.8940, 77.75, 93.97
21, 1.1149, 73.81, 0.8920, 77.72, 93.95
22, 1.1104, 73.95, 0.8951, 77.85, 93.86
23, 1.1097, 73.91, 0.8924, 77.97, 93.94
24, 1.1071, 73.97, 0.8917, 77.81, 93.94
25, 1.1046, 74.04, 0.8885, 77.86, 94.00
26, 1.1028, 74.05, 0.8952, 77.85, 93.85
27, 1.0988, 74.07, 0.8963, 77.78, 93.93
28, 1.1009, 74.09, 0.8924, 77.80, 93.94
29, 1.0977, 74.11, 0.8951, 77.75, 93.93
30, 1.0933, 74.18, 0.8921, 77.77, 93.92
31, 1.0927, 74.14, 0.8928, 77.83, 93.97
32, 1.0911, 74.20, 0.8963, 77.65, 93.95
33, 1.0904, 74.24, 0.8906, 77.93, 93.99
34, 1.0875, 74.28, 0.8897, 77.90, 93.87
35, 1.0859, 74.28, 0.8876, 78.11, 93.92
36, 1.0822, 74.37, 0.8868, 77.98, 93.92
37, 1.0824, 74.33, 0.8862, 78.05, 93.92
38, 1.0764, 74.46, 0.8856, 78.11, 94.02
39, 1.0768, 74.48, 0.8832, 78.05, 93.96
40, 1.0770, 74.48, 0.8811, 78.23, 93.93
41, 1.0727, 74.57, 0.8798, 78.16, 94.04
42, 1.0695, 74.63, 0.8849, 78.03, 94.01
43, 1.0700, 74.58, 0.8771, 78.22, 94.10
44, 1.0668, 74.65, 0.8770, 78.29, 94.03
45, 1.0646, 74.76, 0.8781, 78.18, 94.03
46, 1.0625, 74.74, 0.8764, 78.23, 94.05
47, 1.0592, 74.84, 0.8758, 78.25, 94.06
48, 1.0576, 74.84, 0.8739, 78.22, 94.15
49, 1.0556, 74.88, 0.8691, 78.28, 94.12
50, 1.0530, 74.94, 0.8720, 78.27, 94.12
51, 1.0510, 75.05, 0.8662, 78.39, 94.13
52, 1.0466, 75.07, 0.8688, 78.42, 94.09
53, 1.0480, 75.09, 0.8661, 78.45, 94.09
54, 1.0445, 75.16, 0.8654, 78.50, 94.20
55, 1.0440, 75.15, 0.8617, 78.52, 94.16
56, 1.0405, 75.26, 0.8593, 78.61, 94.16
57, 1.0365, 75.33, 0.8577, 78.58, 94.22
58, 1.0348, 75.40, 0.8582, 78.46, 94.19
59, 1.0336, 75.38, 0.8569, 78.54, 94.20
60, 1.0314, 75.44, 0.8579, 78.56, 94.20
61, 1.0295, 75.46, 0.8529, 78.68, 94.23
62, 1.0279, 75.54, 0.8546, 78.55, 94.20
63, 1.0256, 75.58, 0.8525, 78.66, 94.26
64, 1.0223, 75.64, 0.8498, 78.71, 94.25
65, 1.0219, 75.70, 0.8482, 78.70, 94.25
66, 1.0182, 75.77, 0.8463, 78.73, 94.33
67, 1.0151, 75.80, 0.8469, 78.83, 94.26
68, 1.0142, 75.87, 0.8449, 78.77, 94.28
69, 1.0140, 75.87, 0.8454, 78.82, 94.29
70, 1.0115, 75.91, 0.8433, 78.84, 94.34
71, 1.0102, 75.98, 0.8428, 78.84, 94.25
72, 1.0062, 76.00, 0.8421, 78.83, 94.29
73, 1.0058, 76.05, 0.8422, 78.84, 94.29
74, 1.0037, 76.07, 0.8404, 78.89, 94.29
75, 1.0041, 76.11, 0.8408, 78.86, 94.32
76, 1.0051, 76.12, 0.8391, 78.94, 94.32
77, 1.0016, 76.19, 0.8405, 78.87, 94.33
78, 1.0024, 76.18, 0.8389, 78.93, 94.34
79, 1.0009, 76.28, 0.8381, 78.95, 94.33
80, 1.0000, 76.25, 0.8386, 78.93, 94.34
81, 0.9986, 76.31, 0.8372, 78.93, 94.32
82, 0.9970, 76.33, 0.8372, 78.98, 94.31
83, 0.9953, 76.37, 0.8377, 78.90, 94.32
84, 0.9975, 76.28, 0.8373, 78.97, 94.36
85, 0.9951, 76.34, 0.8372, 78.94, 94.32
86, 0.9965, 76.38, 0.8379, 78.99, 94.32
87, 0.9961, 76.35, 0.8363, 78.97, 94.32
88, 0.9958, 76.34, 0.8367, 78.98, 94.31
89, 0.9951, 76.37, 0.8375, 78.99, 94.33

Final Results:
Max Accuracy: 78.99%
Final Val Acc1: 78.99%
Final Val Acc5: 94.33%
Total Training Time: 18:19:19
