Training Log
Model: franca_vitl14
Model Details: 
Dataset: imagenet1k
Representation: cls
Batch size per GPU: 256
Base learning rate: 0.1
Effective batch size: 4096
Trainable Parameters: 1,025,000
Epoch, Train Loss, Train Acc1, Val Loss, Val Acc1, Val Acc5
0, 5.9567, 21.06, 3.7233, 63.68, 86.35
1, 1.7705, 70.91, 1.0696, 74.36, 93.65
2, 1.0157, 75.83, 0.9457, 76.14, 94.27
3, 0.9335, 77.25, 0.8932, 77.14, 94.50
4, 0.8868, 78.09, 0.8573, 77.86, 94.69
5, 0.8558, 78.64, 0.8333, 78.76, 94.87
6, 0.8299, 79.17, 0.8158, 78.97, 94.99
7, 0.8090, 79.51, 0.8042, 79.25, 95.11
8, 0.7901, 79.83, 0.7914, 79.54, 95.18
9, 0.7765, 80.07, 0.7814, 79.71, 95.25
10, 0.7638, 80.31, 0.7752, 79.98, 95.30
11, 0.7481, 80.63, 0.7665, 80.24, 95.39
12, 0.7377, 80.83, 0.7601, 80.18, 95.47
13, 0.7275, 81.02, 0.7541, 80.36, 95.48
14, 0.7187, 81.17, 0.7544, 80.39, 95.55
15, 0.7106, 81.31, 0.7462, 80.82, 95.58
16, 0.7046, 81.41, 0.7435, 80.89, 95.66
17, 0.6973, 81.54, 0.7440, 80.90, 95.61
18, 0.6918, 81.68, 0.7378, 81.08, 95.66
19, 0.6856, 81.79, 0.7320, 81.19, 95.69
20, 0.6800, 81.91, 0.7337, 80.93, 95.74
21, 0.6764, 81.97, 0.7357, 81.06, 95.75
22, 0.6703, 82.09, 0.7357, 81.09, 95.76
23, 0.6672, 82.15, 0.7274, 81.50, 95.77
24, 0.6631, 82.19, 0.7293, 81.46, 95.79
25, 0.6588, 82.34, 0.7313, 81.33, 95.73
26, 0.6553, 82.37, 0.7278, 81.47, 95.78
27, 0.6524, 82.45, 0.7258, 81.36, 95.82
28, 0.6494, 82.51, 0.7255, 81.52, 95.86
29, 0.6459, 82.59, 0.7236, 81.52, 95.87
30, 0.6419, 82.66, 0.7203, 81.82, 95.80
31, 0.6394, 82.70, 0.7233, 81.51, 95.87
32, 0.6365, 82.80, 0.7234, 81.66, 95.83
33, 0.6336, 82.83, 0.7175, 81.98, 95.92
34, 0.6300, 82.88, 0.7128, 82.05, 95.88
35, 0.6272, 82.98, 0.7113, 81.99, 95.89
36, 0.6248, 83.04, 0.7209, 81.85, 95.88
37, 0.6220, 83.07, 0.7174, 81.75, 95.91
38, 0.6196, 83.16, 0.7170, 81.90, 95.91
39, 0.6171, 83.22, 0.7111, 81.95, 95.84
40, 0.6145, 83.25, 0.7157, 82.18, 95.86
41, 0.6107, 83.33, 0.7120, 82.13, 95.91
42, 0.6100, 83.37, 0.7103, 82.10, 95.92
43, 0.6070, 83.43, 0.7054, 82.41, 95.92
44, 0.6044, 83.50, 0.7088, 82.16, 95.92
45, 0.6014, 83.58, 0.7102, 82.14, 95.92
46, 0.5988, 83.63, 0.7036, 82.28, 95.99
47, 0.5962, 83.66, 0.7033, 82.43, 95.99
48, 0.5944, 83.71, 0.7020, 82.16, 95.99
49, 0.5914, 83.81, 0.6974, 82.53, 96.01
50, 0.5897, 83.85, 0.7014, 82.35, 96.08
51, 0.5853, 83.95, 0.6965, 82.52, 96.06
52, 0.5844, 83.97, 0.6945, 82.65, 96.00
53, 0.5819, 84.04, 0.6924, 82.55, 96.00
54, 0.5781, 84.12, 0.6944, 82.65, 96.00
55, 0.5775, 84.12, 0.6909, 82.71, 96.01
56, 0.5740, 84.25, 0.6887, 82.81, 96.11
57, 0.5725, 84.30, 0.6900, 82.57, 96.03
58, 0.5699, 84.36, 0.6880, 82.83, 96.05
59, 0.5667, 84.40, 0.6885, 82.77, 96.04
60, 0.5645, 84.49, 0.6871, 82.83, 96.02
61, 0.5635, 84.49, 0.6863, 82.95, 96.01
62, 0.5622, 84.55, 0.6836, 82.92, 96.04
63, 0.5593, 84.61, 0.6792, 82.94, 96.03
64, 0.5583, 84.66, 0.6774, 83.01, 96.08
65, 0.5549, 84.74, 0.6804, 83.03, 96.05
66, 0.5529, 84.78, 0.6760, 83.15, 96.06
67, 0.5517, 84.84, 0.6767, 83.13, 96.07
68, 0.5491, 84.88, 0.6736, 83.18, 96.09
69, 0.5482, 84.92, 0.6736, 83.26, 96.06
70, 0.5462, 84.98, 0.6701, 83.38, 96.09
71, 0.5444, 85.04, 0.6704, 83.31, 96.08
72, 0.5421, 85.09, 0.6704, 83.21, 96.07
73, 0.5416, 85.13, 0.6678, 83.44, 96.11
74, 0.5403, 85.17, 0.6685, 83.28, 96.12
75, 0.5390, 85.20, 0.6654, 83.45, 96.08
76, 0.5376, 85.21, 0.6655, 83.44, 96.12
77, 0.5363, 85.28, 0.6662, 83.46, 96.13
78, 0.5355, 85.30, 0.6656, 83.46, 96.11
79, 0.5347, 85.32, 0.6643, 83.54, 96.11
80, 0.5338, 85.32, 0.6631, 83.58, 96.08
81, 0.5343, 85.33, 0.6632, 83.60, 96.11
82, 0.5322, 85.40, 0.6633, 83.63, 96.10
83, 0.5317, 85.42, 0.6632, 83.59, 96.10
84, 0.5321, 85.41, 0.6625, 83.56, 96.15
85, 0.5315, 85.40, 0.6629, 83.59, 96.11
86, 0.5300, 85.48, 0.6622, 83.62, 96.11
87, 0.5296, 85.47, 0.6619, 83.60, 96.12
88, 0.5305, 85.49, 0.6622, 83.59, 96.13
89, 0.5293, 85.48, 0.6624, 83.57, 96.10

Final Results:
Max Accuracy: 83.63%
Final Val Acc1: 83.57%
Final Val Acc5: 96.10%
Total Training Time: 23:17:20
