Training Log
Model: eva02_large_patch14_224.mim_in22k
Model Details: 
Dataset: imagenet1k
Representation: ep
Batch size per GPU: 256
Base learning rate: 0.1
Effective batch size: 4096
Trainable Parameters: 2,106,344
Epoch, Train Loss, Train Acc1, Val Loss, Val Acc1, Val Acc5
0, 5.7269, 19.77, 3.0864, 60.78, 84.16
1, 1.9099, 68.43, 0.9212, 78.49, 94.64
2, 1.1012, 75.20, 0.7161, 81.19, 95.97
3, 0.9688, 77.11, 0.6639, 82.14, 96.45
4, 0.9124, 78.11, 0.6384, 82.53, 96.70
5, 0.8789, 78.68, 0.6249, 82.79, 96.83
6, 0.8560, 79.09, 0.6154, 83.10, 96.84
7, 0.8399, 79.41, 0.6148, 83.00, 96.93
8, 0.8248, 79.66, 0.6116, 83.08, 96.97
9, 0.8152, 79.85, 0.6116, 83.11, 97.00
10, 0.8057, 80.04, 0.6087, 83.29, 96.98
11, 0.7942, 80.29, 0.6113, 83.25, 96.88
12, 0.7798, 80.58, 0.6051, 83.43, 96.97
13, 0.7676, 80.86, 0.6046, 83.41, 96.96
14, 0.7590, 81.03, 0.6109, 83.40, 96.95
15, 0.7469, 81.25, 0.6009, 83.58, 96.97
16, 0.7363, 81.56, 0.6086, 83.37, 96.97
17, 0.7265, 81.75, 0.6110, 83.37, 96.92
18, 0.7200, 81.94, 0.6081, 83.45, 97.00
19, 0.7127, 82.08, 0.6134, 83.41, 96.88
20, 0.7039, 82.31, 0.6223, 83.17, 96.85
21, 0.7002, 82.37, 0.6159, 83.33, 96.93
22, 0.6912, 82.57, 0.6246, 83.13, 96.80
23, 0.6856, 82.73, 0.6229, 83.30, 96.89
24, 0.6789, 82.90, 0.6279, 83.05, 96.86
25, 0.6758, 82.96, 0.6343, 83.19, 96.88
26, 0.6673, 83.15, 0.6374, 83.01, 96.75
27, 0.6628, 83.26, 0.6415, 83.15, 96.73
28, 0.6582, 83.38, 0.6478, 82.81, 96.76
29, 0.6523, 83.50, 0.6465, 83.07, 96.73
30, 0.6493, 83.59, 0.6488, 82.92, 96.70
31, 0.6455, 83.69, 0.6537, 83.00, 96.62
32, 0.6414, 83.81, 0.6619, 82.90, 96.61
33, 0.6349, 83.97, 0.6597, 82.82, 96.62
34, 0.6307, 84.06, 0.6644, 82.83, 96.62
35, 0.6262, 84.18, 0.6579, 82.92, 96.64
36, 0.6226, 84.26, 0.6626, 82.91, 96.57
37, 0.6195, 84.36, 0.6694, 82.83, 96.57
38, 0.6141, 84.49, 0.6680, 82.86, 96.60
39, 0.6111, 84.55, 0.6665, 82.92, 96.63
40, 0.6075, 84.69, 0.6690, 82.90, 96.63
41, 0.6024, 84.79, 0.6704, 82.91, 96.57
42, 0.5987, 84.91, 0.6790, 82.77, 96.55
43, 0.5941, 85.02, 0.6745, 82.76, 96.60
44, 0.5903, 85.09, 0.6745, 82.93, 96.58
45, 0.5880, 85.18, 0.6772, 82.96, 96.55
46, 0.5816, 85.34, 0.6743, 82.76, 96.53
47, 0.5768, 85.43, 0.6726, 82.99, 96.52
48, 0.5739, 85.53, 0.6772, 82.78, 96.53
49, 0.5713, 85.61, 0.6754, 82.86, 96.50
50, 0.5686, 85.69, 0.6740, 83.14, 96.52
51, 0.5635, 85.86, 0.6749, 82.76, 96.51
52, 0.5599, 85.94, 0.6758, 82.93, 96.51
53, 0.5575, 86.00, 0.6790, 82.83, 96.48
54, 0.5529, 86.17, 0.6789, 82.82, 96.49
55, 0.5481, 86.27, 0.6785, 82.85, 96.52
56, 0.5445, 86.37, 0.6764, 83.04, 96.53
57, 0.5435, 86.40, 0.6776, 82.92, 96.51
58, 0.5372, 86.57, 0.6790, 82.97, 96.50
59, 0.5359, 86.61, 0.6815, 82.93, 96.47
60, 0.5332, 86.72, 0.6786, 82.97, 96.57
61, 0.5279, 86.82, 0.6760, 82.97, 96.58
62, 0.5262, 86.90, 0.6763, 83.02, 96.54
63, 0.5213, 87.01, 0.6755, 83.02, 96.58
64, 0.5198, 87.07, 0.6757, 82.94, 96.50
65, 0.5166, 87.16, 0.6772, 83.08, 96.53
66, 0.5144, 87.24, 0.6738, 83.10, 96.49
67, 0.5115, 87.38, 0.6763, 83.01, 96.50
68, 0.5092, 87.40, 0.6760, 82.98, 96.50
69, 0.5063, 87.48, 0.6758, 83.13, 96.47
70, 0.5034, 87.56, 0.6724, 83.15, 96.53
71, 0.5019, 87.59, 0.6684, 83.23, 96.53
72, 0.5002, 87.67, 0.6734, 83.05, 96.46
73, 0.4970, 87.78, 0.6703, 83.14, 96.48
74, 0.4983, 87.76, 0.6707, 83.16, 96.48
75, 0.4947, 87.84, 0.6695, 83.08, 96.50
76, 0.4918, 87.94, 0.6706, 83.06, 96.54
77, 0.4911, 87.91, 0.6693, 83.19, 96.52
78, 0.4892, 88.00, 0.6679, 83.25, 96.51
79, 0.4885, 88.02, 0.6680, 83.18, 96.53
80, 0.4886, 88.04, 0.6680, 83.12, 96.50
81, 0.4872, 88.09, 0.6672, 83.20, 96.53
82, 0.4863, 88.12, 0.6662, 83.20, 96.50
83, 0.4851, 88.14, 0.6667, 83.17, 96.52
84, 0.4839, 88.19, 0.6670, 83.21, 96.51
85, 0.4826, 88.21, 0.6673, 83.22, 96.55
86, 0.4844, 88.20, 0.6672, 83.21, 96.55
87, 0.4842, 88.20, 0.6663, 83.22, 96.55
88, 0.4835, 88.21, 0.6664, 83.19, 96.55
89, 0.4819, 88.23, 0.6675, 83.22, 96.53

Final Results:
Max Accuracy: 83.58%
Final Val Acc1: 83.22%
Final Val Acc5: 96.53%
Total Training Time: 21:11:28

# Control run, not a reported number. It exists so the rule stated in the README
# (ep vs ep_all) can be checked rather than taken on trust: the reported arm for this
# backbone is the sibling log in this directory. Best val acc1 83.58 at epoch 15
# of 90 recorded.
