Training Log
Model: vit_base_patch16
Model Details: /scratch/project_465003083/psomasva/checkpoints/converted_checkpoints/vit_base_patch16_224.mocov3/checkpoint-799.pth
Dataset: imagenet1k
Representation: ep_all
Batch size per GPU: 256
Base learning rate: 0.1
Effective batch size: 4096
Trainable Parameters: 1,383,400
Epoch, Train Loss, Train Acc1, Val Loss, Val Acc1, Val Acc5
0, 6.3410, 7.06, 4.9419, 26.62, 49.66
1, 3.5167, 44.00, 2.3212, 57.33, 81.14
2, 1.8920, 62.65, 1.4842, 67.49, 88.25
3, 1.3815, 69.34, 1.2164, 71.19, 90.60
4, 1.1960, 72.20, 1.1114, 72.91, 91.50
5, 1.1097, 73.68, 1.0547, 74.03, 91.97
6, 1.0475, 74.79, 1.0150, 74.79, 92.40
7, 0.9952, 75.71, 0.9819, 75.26, 92.70
8, 0.9520, 76.47, 0.9579, 75.69, 92.93
9, 0.9217, 77.02, 0.9388, 75.80, 93.15
10, 0.8958, 77.50, 0.9323, 75.98, 93.20
11, 0.8721, 78.00, 0.9209, 76.43, 93.30
12, 0.8543, 78.32, 0.9221, 76.28, 93.40
13, 0.8374, 78.65, 0.9147, 76.53, 93.50
14, 0.8232, 78.95, 0.9159, 76.52, 93.47
15, 0.8117, 79.21, 0.9161, 76.33, 93.46
16, 0.7995, 79.44, 0.9203, 76.24, 93.33
17, 0.7923, 79.59, 0.9174, 76.51, 93.43
18, 0.7810, 79.85, 0.9213, 76.35, 93.31
19, 0.7761, 80.01, 0.9292, 76.27, 93.25
20, 0.7682, 80.10, 0.9283, 76.43, 93.21
21, 0.7627, 80.27, 0.9301, 76.42, 93.24
22, 0.7571, 80.37, 0.9361, 76.19, 93.23
23, 0.7495, 80.50, 0.9417, 76.03, 93.20
24, 0.7441, 80.61, 0.9458, 76.04, 93.16
25, 0.7395, 80.73, 0.9461, 76.15, 93.22
26, 0.7356, 80.82, 0.9489, 76.05, 93.12
27, 0.7296, 80.94, 0.9522, 76.05, 93.11
28, 0.7250, 81.05, 0.9562, 75.77, 93.08
29, 0.7218, 81.10, 0.9616, 75.87, 93.03
30, 0.7184, 81.18, 0.9643, 75.69, 92.97
31, 0.7121, 81.33, 0.9622, 76.11, 93.11
32, 0.7099, 81.42, 0.9638, 75.81, 93.05
33, 0.7030, 81.54, 0.9665, 75.98, 93.06
34, 0.6984, 81.68, 0.9692, 75.94, 93.03
35, 0.6938, 81.78, 0.9695, 75.92, 93.06
36, 0.6934, 81.79, 0.9711, 75.71, 93.10
37, 0.6866, 81.93, 0.9730, 76.11, 93.07
38, 0.6841, 81.98, 0.9796, 75.77, 92.94
39, 0.6797, 82.13, 0.9756, 76.05, 92.98
40, 0.6769, 82.17, 0.9758, 75.74, 93.03
41, 0.6726, 82.31, 0.9761, 75.96, 93.02
42, 0.6691, 82.35, 0.9771, 75.88, 92.97
43, 0.6629, 82.51, 0.9759, 75.94, 92.98
44, 0.6588, 82.65, 0.9776, 76.09, 92.99
45, 0.6553, 82.69, 0.9828, 75.89, 92.90
46, 0.6519, 82.79, 0.9835, 75.84, 92.98
47, 0.6468, 82.93, 0.9780, 75.86, 92.91
48, 0.6425, 83.03, 0.9844, 75.69, 92.92
49, 0.6413, 83.07, 0.9817, 75.82, 92.86
50, 0.6354, 83.19, 0.9784, 76.00, 93.03
51, 0.6321, 83.29, 0.9823, 75.93, 92.95
52, 0.6276, 83.42, 0.9808, 75.84, 92.91
53, 0.6247, 83.52, 0.9781, 75.98, 92.95
54, 0.6186, 83.66, 0.9807, 75.89, 92.96
55, 0.6149, 83.73, 0.9762, 75.82, 92.92
56, 0.6140, 83.84, 0.9775, 75.97, 92.98
57, 0.6100, 83.90, 0.9773, 76.00, 92.88
58, 0.6060, 83.97, 0.9794, 75.94, 92.97
59, 0.6044, 84.04, 0.9801, 76.00, 92.96
60, 0.5970, 84.23, 0.9801, 75.86, 92.98
61, 0.5954, 84.32, 0.9741, 76.08, 93.03
62, 0.5923, 84.39, 0.9789, 76.13, 93.07
63, 0.5888, 84.47, 0.9749, 76.04, 93.09
64, 0.5868, 84.55, 0.9725, 76.25, 93.08
65, 0.5822, 84.69, 0.9760, 76.23, 93.04
66, 0.5802, 84.75, 0.9724, 76.16, 93.00
67, 0.5769, 84.87, 0.9730, 76.10, 92.99
68, 0.5739, 84.91, 0.9713, 76.19, 93.00
69, 0.5726, 84.96, 0.9730, 76.17, 93.08
70, 0.5677, 85.10, 0.9709, 76.18, 93.03
71, 0.5669, 85.13, 0.9718, 75.98, 93.02
72, 0.5656, 85.18, 0.9728, 76.13, 93.00
73, 0.5643, 85.26, 0.9681, 76.11, 93.12
74, 0.5609, 85.29, 0.9689, 76.19, 93.11
75, 0.5585, 85.37, 0.9686, 76.20, 93.13
76, 0.5589, 85.41, 0.9682, 76.16, 93.09
77, 0.5552, 85.48, 0.9671, 76.11, 93.11
78, 0.5545, 85.51, 0.9679, 76.12, 93.12
79, 0.5510, 85.61, 0.9669, 76.14, 93.12
80, 0.5504, 85.62, 0.9640, 76.23, 93.11
81, 0.5495, 85.65, 0.9658, 76.24, 93.15
82, 0.5472, 85.67, 0.9659, 76.23, 93.15
83, 0.5480, 85.72, 0.9650, 76.20, 93.14
84, 0.5466, 85.74, 0.9657, 76.19, 93.11
85, 0.5463, 85.77, 0.9657, 76.18, 93.10
86, 0.5462, 85.78, 0.9670, 76.19, 93.10
87, 0.5445, 85.80, 0.9661, 76.23, 93.11
88, 0.5441, 85.83, 0.9650, 76.24, 93.10
89, 0.5451, 85.80, 0.9667, 76.21, 93.14

Final Results:
Max Accuracy: 76.53%
Final Val Acc1: 76.21%
Final Val Acc5: 93.14%
Total Training Time: 16:07:32
