Training Log
Model: vit_large_patch16
Model Details: vit_large_patch16_224.mae
Dataset: imagenet1k
Representation: cls
Batch size per GPU: 256
Base learning rate: 0.1
Effective batch size: 4096
Trainable Parameters: 1,025,000
Epoch, Train Loss, Train Acc1, Val Loss, Val Acc1, Val Acc5
0, 6.5951, 3.05, 5.6284, 15.27, 32.21
1, 4.4555, 32.30, 3.2413, 47.72, 69.70
2, 2.6871, 53.90, 2.0942, 60.00, 80.46
3, 1.9610, 61.95, 1.6602, 65.21, 84.66
4, 1.6501, 65.91, 1.4443, 68.30, 86.90
5, 1.4869, 68.16, 1.3261, 69.93, 88.26
6, 1.3889, 69.54, 1.2496, 71.24, 89.19
7, 1.3217, 70.56, 1.2020, 71.91, 89.68
8, 1.2762, 71.28, 1.1674, 72.51, 90.04
9, 1.2441, 71.79, 1.1392, 72.87, 90.27
10, 1.2168, 72.20, 1.1268, 73.12, 90.54
11, 1.1923, 72.63, 1.1118, 73.30, 90.70
12, 1.1761, 72.89, 1.0989, 73.86, 90.99
13, 1.1650, 73.12, 1.0909, 73.85, 90.96
14, 1.1485, 73.40, 1.0940, 73.83, 90.94
15, 1.1425, 73.52, 1.0864, 74.00, 91.17
16, 1.1333, 73.70, 1.0845, 73.95, 91.22
17, 1.1262, 73.82, 1.0825, 74.16, 91.17
18, 1.1206, 73.93, 1.0726, 74.34, 91.28
19, 1.1127, 74.06, 1.0771, 74.20, 91.32
20, 1.1095, 74.13, 1.0785, 74.22, 91.24
21, 1.1045, 74.23, 1.0747, 74.27, 91.29
22, 1.1017, 74.28, 1.0800, 74.22, 91.27
23, 1.0967, 74.38, 1.0767, 74.23, 91.32
24, 1.0916, 74.46, 1.0723, 74.35, 91.35
25, 1.0896, 74.50, 1.0730, 74.32, 91.33
26, 1.0865, 74.58, 1.0756, 74.23, 91.30
27, 1.0814, 74.65, 1.0754, 74.41, 91.38
28, 1.0816, 74.66, 1.0738, 74.31, 91.48
29, 1.0746, 74.80, 1.0744, 74.39, 91.37
30, 1.0722, 74.83, 1.0683, 74.59, 91.38
31, 1.0694, 74.89, 1.0699, 74.56, 91.42
32, 1.0658, 74.98, 1.0684, 74.43, 91.54
33, 1.0626, 75.01, 1.0650, 74.65, 91.58
34, 1.0613, 75.05, 1.0734, 74.43, 91.48
35, 1.0585, 75.15, 1.0660, 74.59, 91.43
36, 1.0538, 75.21, 1.0652, 74.53, 91.55
37, 1.0521, 75.25, 1.0642, 74.51, 91.53
38, 1.0460, 75.36, 1.0628, 74.63, 91.55
39, 1.0443, 75.42, 1.0595, 74.70, 91.64
40, 1.0405, 75.50, 1.0610, 74.87, 91.50
41, 1.0390, 75.54, 1.0565, 74.80, 91.70
42, 1.0343, 75.62, 1.0584, 74.61, 91.62
43, 1.0310, 75.69, 1.0550, 74.92, 91.70
44, 1.0270, 75.74, 1.0519, 74.89, 91.65
45, 1.0263, 75.81, 1.0509, 74.94, 91.68
46, 1.0195, 75.93, 1.0440, 75.10, 91.77
47, 1.0162, 76.02, 1.0454, 74.96, 91.74
48, 1.0165, 76.02, 1.0422, 75.03, 91.72
49, 1.0101, 76.11, 1.0418, 75.16, 91.71
50, 1.0070, 76.20, 1.0356, 75.25, 91.74
51, 1.0046, 76.27, 1.0357, 75.21, 91.79
52, 1.0003, 76.36, 1.0371, 75.12, 91.79
53, 0.9964, 76.45, 1.0337, 75.27, 91.90
54, 0.9957, 76.45, 1.0345, 75.22, 91.96
55, 0.9909, 76.56, 1.0287, 75.28, 91.87
56, 0.9856, 76.67, 1.0274, 75.44, 91.93
57, 0.9825, 76.76, 1.0220, 75.40, 91.88
58, 0.9798, 76.79, 1.0234, 75.37, 91.95
59, 0.9766, 76.85, 1.0230, 75.52, 91.96
60, 0.9724, 76.96, 1.0220, 75.43, 91.99
61, 0.9703, 77.04, 1.0185, 75.42, 92.02
62, 0.9675, 77.07, 1.0174, 75.49, 91.96
63, 0.9630, 77.14, 1.0140, 75.70, 92.05
64, 0.9595, 77.24, 1.0130, 75.60, 92.03
65, 0.9583, 77.31, 1.0120, 75.59, 92.01
66, 0.9552, 77.36, 1.0072, 75.75, 91.99
67, 0.9536, 77.42, 1.0076, 75.74, 92.09
68, 0.9503, 77.49, 1.0054, 75.67, 92.07
69, 0.9476, 77.56, 1.0050, 75.76, 92.14
70, 0.9453, 77.60, 1.0017, 75.78, 92.11
71, 0.9411, 77.72, 1.0005, 75.93, 92.12
72, 0.9400, 77.78, 0.9985, 75.75, 92.15
73, 0.9387, 77.80, 0.9983, 75.92, 92.15
74, 0.9350, 77.88, 0.9985, 75.89, 92.18
75, 0.9339, 77.89, 0.9956, 75.89, 92.17
76, 0.9324, 77.96, 0.9967, 75.88, 92.21
77, 0.9309, 78.00, 0.9963, 75.93, 92.16
78, 0.9298, 78.07, 0.9956, 75.82, 92.18
79, 0.9299, 78.00, 0.9943, 75.90, 92.21
80, 0.9242, 78.14, 0.9945, 75.90, 92.22
81, 0.9268, 78.09, 0.9932, 75.97, 92.20
82, 0.9238, 78.19, 0.9922, 75.92, 92.21
83, 0.9225, 78.19, 0.9923, 75.96, 92.21
84, 0.9210, 78.21, 0.9925, 76.01, 92.20
85, 0.9201, 78.28, 0.9924, 75.95, 92.21
86, 0.9201, 78.26, 0.9924, 75.98, 92.23
87, 0.9187, 78.30, 0.9920, 75.97, 92.22
88, 0.9181, 78.29, 0.9923, 75.99, 92.20
89, 0.9196, 78.27, 0.9920, 75.94, 92.24

Final Results:
Max Accuracy: 76.01%
Final Val Acc1: 75.94%
Final Val Acc5: 92.24%
Total Training Time: 22:33:46
