Training Log
Model: ViT-L-16-SigLIP2-256
Model Details: 
Dataset: imagenet1k
Representation: ep
Batch size per GPU: 256
Base learning rate: 0.1
Effective batch size: 4096
Trainable Parameters: 2,106,344
Epoch, Train Loss, Train Acc1, Val Loss, Val Acc1, Val Acc5
0, 5.5928, 22.90, 3.1555, 64.19, 86.43
1, 1.4177, 78.93, 0.8013, 82.22, 96.64
2, 0.5693, 86.01, 0.5522, 85.27, 97.79
3, 0.4269, 88.18, 0.4776, 86.39, 98.23
4, 0.3767, 89.06, 0.4576, 86.94, 98.36
5, 0.3513, 89.62, 0.4517, 86.87, 98.43
6, 0.3323, 90.08, 0.4487, 87.11, 98.38
7, 0.3176, 90.42, 0.4556, 86.80, 98.39
8, 0.3050, 90.70, 0.4609, 86.87, 98.38
9, 0.2947, 90.96, 0.4667, 86.61, 98.33
10, 0.2829, 91.21, 0.4743, 86.70, 98.29
11, 0.2695, 91.58, 0.4817, 86.47, 98.30
12, 0.2565, 91.91, 0.4897, 86.49, 98.27
13, 0.2438, 92.25, 0.4967, 86.42, 98.24
14, 0.2312, 92.60, 0.5054, 86.33, 98.18
15, 0.2189, 92.94, 0.5141, 86.33, 98.11
16, 0.2059, 93.33, 0.5328, 86.16, 98.10
17, 0.1944, 93.66, 0.5452, 86.07, 98.01
18, 0.1839, 93.98, 0.5545, 85.89, 98.01
19, 0.1731, 94.32, 0.5696, 85.82, 97.94
20, 0.1632, 94.61, 0.5902, 85.72, 97.91
21, 0.1544, 94.89, 0.6074, 85.31, 97.78
22, 0.1459, 95.14, 0.6262, 85.46, 97.73
23, 0.1390, 95.34, 0.6417, 85.42, 97.69
24, 0.1312, 95.62, 0.6692, 85.21, 97.65
25, 0.1254, 95.83, 0.6790, 85.15, 97.57
26, 0.1206, 95.96, 0.6969, 85.22, 97.65
27, 0.1153, 96.15, 0.7125, 85.05, 97.51
28, 0.1105, 96.33, 0.7322, 84.80, 97.49
29, 0.1064, 96.46, 0.7517, 84.90, 97.41
30, 0.1024, 96.59, 0.7709, 84.81, 97.40
31, 0.0983, 96.75, 0.7809, 84.88, 97.42
32, 0.0953, 96.85, 0.7901, 84.63, 97.39
33, 0.0925, 96.96, 0.8111, 84.67, 97.36
34, 0.0898, 97.07, 0.8191, 84.56, 97.20
35, 0.0873, 97.16, 0.8322, 84.65, 97.31
36, 0.0838, 97.29, 0.8626, 84.49, 97.20
37, 0.0819, 97.35, 0.8654, 84.61, 97.25
38, 0.0794, 97.45, 0.8762, 84.65, 97.24
39, 0.0771, 97.54, 0.8902, 84.48, 97.24
40, 0.0747, 97.62, 0.8942, 84.55, 97.22
41, 0.0719, 97.72, 0.9132, 84.40, 97.20
42, 0.0703, 97.80, 0.9100, 84.62, 97.16
43, 0.0680, 97.87, 0.9302, 84.66, 97.19
44, 0.0657, 97.96, 0.9381, 84.60, 97.18
45, 0.0639, 98.02, 0.9419, 84.63, 97.15
46, 0.0615, 98.10, 0.9415, 84.64, 97.17
47, 0.0599, 98.18, 0.9532, 84.58, 97.19
48, 0.0575, 98.25, 0.9711, 84.54, 97.12
49, 0.0553, 98.31, 0.9681, 84.69, 97.17
50, 0.0535, 98.38, 0.9690, 84.65, 97.15
51, 0.0516, 98.44, 0.9768, 84.48, 97.13
52, 0.0498, 98.51, 0.9827, 84.60, 97.13
53, 0.0480, 98.57, 0.9777, 84.58, 97.14
54, 0.0463, 98.63, 0.9825, 84.66, 97.15
55, 0.0447, 98.68, 0.9889, 84.63, 97.20
56, 0.0432, 98.73, 0.9909, 84.60, 97.24
57, 0.0413, 98.77, 0.9838, 84.68, 97.18
58, 0.0395, 98.83, 0.9914, 84.57, 97.21
59, 0.0384, 98.86, 0.9958, 84.73, 97.21
60, 0.0368, 98.90, 0.9979, 84.57, 97.20
61, 0.0351, 98.95, 0.9952, 84.83, 97.15
62, 0.0339, 98.98, 0.9898, 84.66, 97.18
63, 0.0325, 99.01, 0.9885, 84.79, 97.22
64, 0.0310, 99.05, 0.9904, 84.81, 97.22
65, 0.0300, 99.07, 0.9853, 84.78, 97.28
66, 0.0284, 99.11, 0.9870, 84.82, 97.26
67, 0.0276, 99.12, 0.9944, 84.82, 97.23
68, 0.0264, 99.15, 0.9855, 84.94, 97.22
69, 0.0249, 99.18, 0.9920, 84.87, 97.21
70, 0.0242, 99.18, 0.9864, 84.94, 97.23
71, 0.0230, 99.21, 0.9883, 84.97, 97.25
72, 0.0221, 99.22, 0.9887, 84.92, 97.27
73, 0.0210, 99.24, 0.9883, 84.95, 97.30
74, 0.0199, 99.26, 0.9932, 84.96, 97.24
75, 0.0193, 99.26, 0.9892, 85.01, 97.30
76, 0.0183, 99.29, 0.9897, 85.01, 97.29
77, 0.0178, 99.29, 0.9859, 85.04, 97.29
78, 0.0170, 99.31, 0.9874, 84.99, 97.29
79, 0.0165, 99.33, 0.9882, 84.98, 97.31
80, 0.0158, 99.34, 0.9850, 85.01, 97.30
81, 0.0156, 99.35, 0.9799, 84.95, 97.30
82, 0.0152, 99.35, 0.9817, 85.08, 97.29
83, 0.0147, 99.38, 0.9837, 85.07, 97.29
84, 0.0144, 99.38, 0.9860, 85.01, 97.31
85, 0.0141, 99.39, 0.9838, 85.07, 97.29
86, 0.0138, 99.42, 0.9832, 85.03, 97.29
87, 0.0137, 99.43, 0.9847, 85.01, 97.29
88, 0.0135, 99.44, 0.9825, 85.01, 97.30
89, 0.0137, 99.43, 0.9817, 85.04, 97.30

Final Results:
Max Accuracy: 87.11%
Final Val Acc1: 85.04%
Final Val Acc5: 97.30%
Total Training Time: 19:58:27
