Training Log
Model: vit_small_patch16
Model Details: <checkpoints>/vit_small_patch16_224.mae/checkpoint-799.pth
Dataset: imagenet1k
Representation: ep
Batch size per GPU: 256
Base learning rate: 0.1
Effective batch size: 4096
Trainable Parameters: 544,744
Epoch, Train Loss, Train Acc1, Val Loss, Val Acc1, Val Acc5
0, 6.7092, 1.09, 6.1328, 3.80, 11.44
1, 5.4574, 9.54, 4.6684, 16.97, 37.41
2, 4.2229, 22.23, 3.5779, 29.39, 55.28
3, 3.4215, 32.17, 2.9247, 38.86, 65.27
4, 2.9603, 38.90, 2.5913, 43.99, 69.74
5, 2.7012, 43.14, 2.3882, 47.30, 72.84
6, 2.5220, 46.37, 2.2179, 50.58, 75.36
7, 2.3798, 48.99, 2.1053, 52.81, 76.92
8, 2.2706, 50.98, 2.0085, 54.66, 78.10
9, 2.1892, 52.52, 1.9491, 55.83, 79.03
10, 2.1253, 53.67, 1.9185, 56.08, 79.48
11, 2.0779, 54.57, 1.8508, 57.57, 80.63
12, 2.0416, 55.27, 1.8331, 57.92, 80.82
13, 2.0107, 55.82, 1.8265, 58.12, 80.78
14, 1.9887, 56.23, 1.7996, 58.55, 81.29
15, 1.9697, 56.57, 1.8014, 58.49, 81.29
16, 1.9533, 56.85, 1.7854, 58.95, 81.52
17, 1.9402, 57.17, 1.7621, 59.13, 81.74
18, 1.9276, 57.33, 1.7610, 59.33, 81.74
19, 1.9165, 57.56, 1.7537, 59.37, 81.87
20, 1.9078, 57.74, 1.7261, 59.93, 82.32
21, 1.8991, 57.90, 1.7302, 60.00, 82.41
22, 1.8917, 58.01, 1.7298, 60.10, 82.34
23, 1.8859, 58.17, 1.7172, 60.51, 82.37
24, 1.8804, 58.33, 1.7146, 60.35, 82.52
25, 1.8740, 58.36, 1.7183, 60.42, 82.63
26, 1.8665, 58.51, 1.7288, 60.02, 82.51
27, 1.8623, 58.55, 1.7096, 60.51, 82.61
28, 1.8573, 58.73, 1.6948, 60.82, 82.74
29, 1.8499, 58.85, 1.7036, 60.44, 82.71
30, 1.8441, 58.96, 1.7004, 60.64, 82.69
31, 1.8413, 58.99, 1.6990, 60.84, 82.76
32, 1.8369, 59.09, 1.6798, 60.89, 82.89
33, 1.8342, 59.12, 1.6829, 61.15, 82.84
34, 1.8280, 59.28, 1.6739, 61.08, 82.99
35, 1.8217, 59.35, 1.6796, 61.23, 82.97
36, 1.8173, 59.46, 1.6610, 61.48, 83.18
37, 1.8126, 59.54, 1.6516, 61.68, 83.44
38, 1.8082, 59.65, 1.6598, 61.60, 83.38
39, 1.8074, 59.68, 1.6630, 61.33, 83.10
40, 1.7987, 59.84, 1.6554, 61.61, 83.39
41, 1.7965, 59.88, 1.6466, 61.90, 83.50
42, 1.7917, 59.98, 1.6443, 61.79, 83.39
43, 1.7871, 60.10, 1.6356, 61.85, 83.53
44, 1.7856, 60.11, 1.6428, 62.05, 83.48
45, 1.7820, 60.19, 1.6439, 61.84, 83.42
46, 1.7763, 60.28, 1.6259, 62.22, 83.72
47, 1.7700, 60.42, 1.6262, 62.33, 83.76
48, 1.7683, 60.53, 1.6182, 62.45, 83.74
49, 1.7653, 60.55, 1.6089, 62.62, 83.90
50, 1.7599, 60.66, 1.6075, 62.77, 83.87
51, 1.7539, 60.79, 1.6041, 62.83, 83.97
52, 1.7517, 60.81, 1.5982, 62.85, 84.08
53, 1.7488, 60.92, 1.5973, 63.06, 84.12
54, 1.7429, 60.97, 1.6010, 62.99, 84.01
55, 1.7382, 61.11, 1.5899, 62.97, 84.18
56, 1.7339, 61.21, 1.5895, 63.08, 84.18
57, 1.7325, 61.19, 1.5818, 63.09, 84.22
58, 1.7264, 61.34, 1.5724, 63.38, 84.36
59, 1.7219, 61.43, 1.5690, 63.34, 84.43
60, 1.7205, 61.46, 1.5715, 63.63, 84.52
61, 1.7157, 61.58, 1.5638, 63.57, 84.50
62, 1.7118, 61.66, 1.5605, 63.69, 84.67
63, 1.7085, 61.72, 1.5631, 63.69, 84.51
64, 1.7065, 61.79, 1.5590, 63.84, 84.62
65, 1.7008, 61.90, 1.5505, 63.93, 84.85
66, 1.6968, 61.96, 1.5505, 64.01, 84.65
67, 1.6984, 61.97, 1.5523, 63.90, 84.75
68, 1.6915, 62.11, 1.5468, 63.93, 84.72
69, 1.6897, 62.15, 1.5455, 64.04, 84.78
70, 1.6880, 62.22, 1.5434, 64.12, 84.76
71, 1.6824, 62.33, 1.5385, 64.28, 84.86
72, 1.6819, 62.28, 1.5400, 64.23, 84.86
73, 1.6785, 62.42, 1.5352, 64.27, 84.88
74, 1.6751, 62.47, 1.5375, 64.33, 84.85
75, 1.6749, 62.48, 1.5353, 64.37, 84.86
76, 1.6705, 62.56, 1.5344, 64.34, 84.91
77, 1.6700, 62.60, 1.5317, 64.43, 84.87
78, 1.6707, 62.64, 1.5308, 64.41, 84.94
79, 1.6686, 62.63, 1.5295, 64.50, 84.93
80, 1.6647, 62.70, 1.5290, 64.47, 85.00
81, 1.6642, 62.74, 1.5286, 64.46, 84.96
82, 1.6630, 62.75, 1.5278, 64.46, 84.94
83, 1.6597, 62.78, 1.5281, 64.48, 84.96
84, 1.6627, 62.78, 1.5269, 64.51, 84.96
85, 1.6595, 62.78, 1.5274, 64.47, 85.01
86, 1.6574, 62.88, 1.5268, 64.50, 84.98
87, 1.6589, 62.84, 1.5261, 64.57, 84.97
88, 1.6564, 62.84, 1.5267, 64.58, 84.98
89, 1.6582, 62.87, 1.5270, 64.56, 84.95

Final Results:
Max Accuracy: 64.58%
Final Val Acc1: 64.56%
Final Val Acc5: 84.95%
Total Training Time: 17:45:15
