Training Log
Model: vit_large_patch16
Model Details: <checkpoints>/vit_large_patch16_224.maskfeat/checkpoint-799.pth
Dataset: imagenet1k
Representation: cls
Batch size per GPU: 256
Base learning rate: 0.1
Effective batch size: 4096
Trainable Parameters: 1,025,000
Epoch, Train Loss, Train Acc1, Val Loss, Val Acc1, Val Acc5
0, 6.8384, 0.40, 6.5376, 1.00, 4.04
1, 6.3515, 2.51, 6.1120, 4.56, 12.02
2, 5.9606, 5.93, 5.7361, 8.24, 18.91
3, 5.6253, 9.24, 5.4002, 11.71, 24.83
4, 5.3310, 12.40, 5.0946, 15.15, 29.89
5, 5.0665, 15.42, 4.8266, 18.26, 34.18
6, 4.8310, 18.12, 4.5799, 20.99, 38.30
7, 4.6207, 20.64, 4.3604, 23.57, 41.46
8, 4.4392, 22.85, 4.1748, 25.83, 44.39
9, 4.2855, 24.69, 4.0123, 27.83, 46.73
10, 4.1593, 26.23, 3.8939, 29.33, 48.39
11, 4.0561, 27.54, 3.7846, 30.73, 49.85
12, 3.9735, 28.63, 3.7040, 31.59, 50.89
13, 3.9119, 29.40, 3.6359, 32.64, 52.02
14, 3.8616, 30.02, 3.5879, 33.14, 52.87
15, 3.8177, 30.67, 3.5394, 33.78, 53.38
16, 3.7825, 31.09, 3.5063, 34.05, 53.97
17, 3.7550, 31.51, 3.4743, 34.56, 54.42
18, 3.7302, 31.82, 3.4564, 34.73, 54.88
19, 3.7098, 32.12, 3.4307, 35.07, 55.13
20, 3.6931, 32.32, 3.4134, 35.57, 55.36
21, 3.6741, 32.60, 3.3934, 35.58, 55.81
22, 3.6628, 32.79, 3.3817, 36.01, 55.73
23, 3.6491, 32.96, 3.3716, 35.94, 55.96
24, 3.6411, 33.12, 3.3526, 36.34, 56.21
25, 3.6294, 33.26, 3.3386, 36.43, 56.59
26, 3.6205, 33.40, 3.3412, 36.13, 56.37
27, 3.6177, 33.49, 3.3205, 36.71, 56.88
28, 3.6041, 33.61, 3.3112, 36.82, 56.87
29, 3.5970, 33.74, 3.3056, 36.90, 56.92
30, 3.5917, 33.84, 3.2990, 37.01, 57.12
31, 3.5837, 33.97, 3.2966, 36.97, 57.06
32, 3.5754, 34.05, 3.2975, 37.02, 57.07
33, 3.5713, 34.10, 3.2805, 37.32, 57.34
34, 3.5660, 34.22, 3.2741, 37.42, 57.32
35, 3.5581, 34.35, 3.2759, 37.27, 57.51
36, 3.5515, 34.42, 3.2638, 37.70, 57.58
37, 3.5471, 34.48, 3.2554, 37.48, 57.77
38, 3.5396, 34.59, 3.2519, 37.63, 57.79
39, 3.5347, 34.71, 3.2415, 37.84, 57.89
40, 3.5332, 34.71, 3.2316, 37.72, 58.24
41, 3.5223, 34.88, 3.2374, 37.91, 57.98
42, 3.5183, 34.91, 3.2255, 37.95, 58.30
43, 3.5088, 35.02, 3.2241, 37.85, 58.26
44, 3.5047, 35.09, 3.2195, 38.20, 58.32
45, 3.4945, 35.23, 3.2152, 38.17, 58.30
46, 3.4929, 35.26, 3.2074, 38.43, 58.51
47, 3.4868, 35.43, 3.2000, 38.52, 58.82
48, 3.4799, 35.49, 3.1910, 38.53, 58.74
49, 3.4721, 35.56, 3.1883, 38.59, 58.63
50, 3.4675, 35.64, 3.1850, 38.54, 58.92
51, 3.4617, 35.76, 3.1731, 38.68, 59.00
52, 3.4572, 35.79, 3.1753, 38.63, 59.03
53, 3.4529, 35.89, 3.1643, 38.96, 59.20
54, 3.4431, 36.00, 3.1662, 38.84, 59.16
55, 3.4375, 36.12, 3.1571, 39.13, 59.42
56, 3.4334, 36.21, 3.1535, 39.02, 59.32
57, 3.4258, 36.30, 3.1458, 39.21, 59.56
58, 3.4175, 36.43, 3.1433, 39.31, 59.59
59, 3.4149, 36.46, 3.1397, 39.34, 59.60
60, 3.4084, 36.52, 3.1337, 39.56, 59.83
61, 3.4026, 36.64, 3.1313, 39.45, 59.70
62, 3.3959, 36.72, 3.1242, 39.54, 59.86
63, 3.3902, 36.87, 3.1226, 39.75, 60.02
64, 3.3866, 36.85, 3.1153, 39.77, 60.06
65, 3.3819, 36.95, 3.1140, 39.70, 60.08
66, 3.3762, 37.06, 3.1056, 40.03, 60.17
67, 3.3714, 37.21, 3.1019, 39.88, 60.33
68, 3.3665, 37.26, 3.1001, 39.98, 60.25
69, 3.3635, 37.30, 3.0939, 40.13, 60.42
70, 3.3589, 37.39, 3.0922, 40.34, 60.44
71, 3.3511, 37.50, 3.0897, 40.40, 60.46
72, 3.3517, 37.58, 3.0852, 40.31, 60.65
73, 3.3460, 37.64, 3.0820, 40.35, 60.51
74, 3.3398, 37.72, 3.0789, 40.34, 60.51
75, 3.3381, 37.70, 3.0772, 40.60, 60.69
76, 3.3372, 37.81, 3.0757, 40.50, 60.72
77, 3.3313, 37.85, 3.0739, 40.54, 60.73
78, 3.3271, 37.92, 3.0719, 40.69, 60.76
79, 3.3250, 37.97, 3.0689, 40.75, 60.78
80, 3.3242, 38.01, 3.0675, 40.62, 60.81
81, 3.3215, 37.96, 3.0675, 40.75, 60.82
82, 3.3202, 38.03, 3.0672, 40.81, 60.83
83, 3.3194, 38.09, 3.0669, 40.73, 60.86
84, 3.3200, 38.11, 3.0656, 40.82, 60.89
85, 3.3152, 38.18, 3.0648, 40.81, 60.87
86, 3.3136, 38.15, 3.0617, 40.80, 60.87
87, 3.3113, 38.19, 3.0645, 40.79, 60.85
88, 3.3139, 38.15, 3.0611, 40.85, 60.96
89, 3.3130, 38.15, 3.0650, 40.77, 60.85

Final Results:
Max Accuracy: 40.85%
Final Val Acc1: 40.77%
Final Val Acc5: 60.85%
Total Training Time: 19:33:50
