Training Log
Model: vit_large_patch16
Model Details: /scratch/project_465003083/psomasva/checkpoints/converted_checkpoints/vit_large_patch16_224.maskfeat/checkpoint-799.pth
Dataset: imagenet1k
Representation: ep
Batch size per GPU: 256
Base learning rate: 0.1
Effective batch size: 4096
Trainable Parameters: 2,106,344
Epoch, Train Loss, Train Acc1, Val Loss, Val Acc1, Val Acc5
0, 6.6026, 1.18, 6.0593, 4.03, 11.44
1, 5.5679, 9.11, 4.8725, 16.93, 34.88
2, 4.3683, 24.49, 3.5517, 34.41, 57.22
3, 3.3583, 38.55, 2.7597, 45.27, 67.82
4, 2.8264, 45.89, 2.4089, 50.19, 71.82
5, 2.5531, 49.86, 2.2530, 52.54, 74.00
6, 2.3919, 52.22, 2.2160, 52.67, 74.51
7, 2.2758, 54.00, 2.1078, 54.32, 75.79
8, 2.1849, 55.33, 2.0980, 54.56, 76.33
9, 2.1183, 56.34, 2.0952, 54.68, 76.34
10, 2.0637, 57.16, 1.9763, 56.26, 78.19
11, 2.0125, 57.94, 1.9314, 57.64, 78.71
12, 1.9675, 58.68, 1.9334, 57.82, 78.64
13, 1.9351, 59.17, 1.8762, 58.36, 79.69
14, 1.9099, 59.61, 1.8231, 59.98, 80.27
15, 1.8837, 60.05, 1.8191, 59.54, 80.37
16, 1.8650, 60.34, 1.7932, 60.20, 81.02
17, 1.8448, 60.67, 1.7760, 60.54, 81.26
18, 1.8291, 60.97, 1.8164, 59.80, 80.72
19, 1.8175, 61.14, 1.8083, 60.32, 80.70
20, 1.7995, 61.48, 1.7684, 60.70, 81.11
21, 1.7889, 61.64, 1.7272, 61.16, 81.89
22, 1.7774, 61.85, 1.7589, 61.09, 81.54
23, 1.7694, 62.01, 1.7777, 60.75, 81.22
24, 1.7559, 62.19, 1.7170, 61.72, 82.24
25, 1.7468, 62.36, 1.6924, 61.91, 82.45
26, 1.7383, 62.53, 1.7250, 61.39, 82.03
27, 1.7343, 62.60, 1.7080, 61.66, 82.37
28, 1.7225, 62.80, 1.7741, 60.92, 81.27
29, 1.7123, 63.00, 1.7262, 61.46, 82.28
30, 1.7072, 63.08, 1.6953, 61.79, 82.43
31, 1.6986, 63.21, 1.6857, 62.22, 82.70
32, 1.6915, 63.37, 1.7018, 62.31, 82.49
33, 1.6833, 63.49, 1.6411, 63.24, 83.28
34, 1.6787, 63.55, 1.6125, 63.72, 83.42
35, 1.6719, 63.70, 1.5852, 63.91, 83.87
36, 1.6629, 63.87, 1.6834, 62.46, 82.70
37, 1.6544, 64.05, 1.6414, 63.28, 83.23
38, 1.6477, 64.15, 1.6651, 62.74, 83.04
39, 1.6401, 64.27, 1.6218, 63.51, 83.50
40, 1.6327, 64.40, 1.5651, 64.36, 84.25
41, 1.6279, 64.55, 1.5873, 63.91, 83.87
42, 1.6214, 64.64, 1.5479, 64.33, 84.53
43, 1.6129, 64.74, 1.5905, 63.97, 83.94
44, 1.6071, 64.87, 1.5649, 64.89, 84.35
45, 1.5974, 65.08, 1.5957, 64.10, 83.83
46, 1.5891, 65.22, 1.5472, 64.93, 84.59
47, 1.5841, 65.31, 1.5232, 65.20, 84.88
48, 1.5822, 65.35, 1.5144, 65.38, 84.99
49, 1.5721, 65.58, 1.5231, 65.11, 84.85
50, 1.5642, 65.71, 1.4834, 66.06, 85.37
51, 1.5577, 65.78, 1.5040, 65.66, 84.97
52, 1.5534, 65.90, 1.4903, 65.82, 85.22
53, 1.5462, 66.06, 1.4699, 66.18, 85.56
54, 1.5385, 66.20, 1.4814, 66.07, 85.35
55, 1.5344, 66.29, 1.4635, 66.51, 85.51
56, 1.5243, 66.46, 1.4504, 66.55, 85.77
57, 1.5190, 66.62, 1.4497, 66.73, 85.76
58, 1.5115, 66.70, 1.4258, 66.88, 86.13
59, 1.5052, 66.89, 1.4560, 66.86, 85.64
60, 1.4989, 66.96, 1.4140, 67.37, 86.28
61, 1.4938, 67.09, 1.3902, 67.64, 86.62
62, 1.4892, 67.20, 1.3799, 67.79, 86.66
63, 1.4799, 67.34, 1.3723, 67.97, 86.82
64, 1.4772, 67.39, 1.3954, 67.61, 86.46
65, 1.4708, 67.53, 1.3624, 68.13, 86.91
66, 1.4635, 67.68, 1.3679, 68.08, 86.85
67, 1.4597, 67.78, 1.3694, 68.28, 86.92
68, 1.4549, 67.86, 1.3545, 68.26, 87.08
69, 1.4521, 67.94, 1.3330, 68.77, 87.39
70, 1.4457, 68.04, 1.3354, 68.73, 87.22
71, 1.4414, 68.12, 1.3344, 68.74, 87.27
72, 1.4349, 68.30, 1.3232, 69.10, 87.48
73, 1.4328, 68.32, 1.3183, 69.04, 87.56
74, 1.4283, 68.39, 1.3148, 69.05, 87.49
75, 1.4263, 68.46, 1.3099, 69.30, 87.68
76, 1.4199, 68.59, 1.3093, 69.27, 87.59
77, 1.4170, 68.60, 1.3060, 69.35, 87.72
78, 1.4152, 68.68, 1.2984, 69.40, 87.79
79, 1.4134, 68.71, 1.2999, 69.27, 87.76
80, 1.4098, 68.78, 1.2934, 69.47, 87.93
81, 1.4124, 68.75, 1.2925, 69.49, 87.88
82, 1.4047, 68.90, 1.2914, 69.51, 87.96
83, 1.4032, 68.97, 1.2904, 69.56, 87.90
84, 1.4023, 68.97, 1.2895, 69.63, 87.91
85, 1.4033, 68.94, 1.2898, 69.60, 87.92
86, 1.3986, 69.06, 1.2894, 69.60, 87.94
87, 1.4001, 69.01, 1.2885, 69.60, 87.97
88, 1.3975, 69.06, 1.2885, 69.60, 87.95
89, 1.4020, 69.02, 1.2882, 69.56, 87.98

Final Results:
Max Accuracy: 69.63%
Final Val Acc1: 69.56%
Final Val Acc5: 87.98%
Total Training Time: 20:36:21
