Training Log
Model: capi_vitl14_in1k
Model Details: 
Dataset: imagenet1k
Representation: ep
Batch size per GPU: 256
Base learning rate: 0.1
Effective batch size: 4096
Trainable Parameters: 2,106,344
Epoch, Train Loss, Train Acc1, Val Loss, Val Acc1, Val Acc5
0, 6.2844, 6.47, 4.8177, 26.39, 48.66
1, 3.3576, 46.02, 1.9833, 63.28, 85.66
2, 1.5613, 68.40, 1.0294, 75.86, 92.96
3, 1.0175, 76.42, 0.7679, 80.17, 95.28
4, 0.8625, 79.12, 0.7054, 81.36, 95.90
5, 0.8166, 80.02, 0.6846, 81.77, 96.11
6, 0.7903, 80.49, 0.6727, 82.13, 96.20
7, 0.7735, 80.82, 0.6663, 82.19, 96.24
8, 0.7608, 81.08, 0.6623, 82.28, 96.34
9, 0.7506, 81.19, 0.6530, 82.52, 96.33
10, 0.7387, 81.47, 0.6522, 82.58, 96.40
11, 0.7229, 81.78, 0.6505, 82.59, 96.43
12, 0.7095, 82.10, 0.6433, 82.69, 96.54
13, 0.6967, 82.41, 0.6350, 82.84, 96.52
14, 0.6846, 82.65, 0.6416, 82.94, 96.54
15, 0.6700, 82.93, 0.6384, 82.97, 96.53
16, 0.6604, 83.17, 0.6437, 82.84, 96.54
17, 0.6519, 83.36, 0.6481, 82.80, 96.49
18, 0.6414, 83.60, 0.6430, 82.87, 96.47
19, 0.6343, 83.70, 0.6463, 82.98, 96.51
20, 0.6259, 83.94, 0.6548, 82.84, 96.48
21, 0.6185, 84.09, 0.6566, 82.74, 96.44
22, 0.6130, 84.28, 0.6619, 82.61, 96.44
23, 0.6057, 84.37, 0.6604, 82.75, 96.39
24, 0.6015, 84.51, 0.6610, 82.68, 96.45
25, 0.5971, 84.62, 0.6706, 82.57, 96.37
26, 0.5908, 84.76, 0.6698, 82.76, 96.39
27, 0.5846, 84.95, 0.6790, 82.38, 96.26
28, 0.5815, 85.02, 0.6804, 82.42, 96.24
29, 0.5765, 85.09, 0.6873, 82.33, 96.26
30, 0.5720, 85.19, 0.6864, 82.37, 96.26
31, 0.5666, 85.35, 0.6890, 82.43, 96.25
32, 0.5615, 85.46, 0.7008, 82.22, 96.21
33, 0.5589, 85.56, 0.7021, 82.20, 96.17
34, 0.5547, 85.65, 0.6969, 82.17, 96.21
35, 0.5499, 85.75, 0.7004, 82.25, 96.16
36, 0.5457, 85.86, 0.7100, 82.01, 96.10
37, 0.5421, 85.98, 0.7077, 82.22, 96.12
38, 0.5381, 86.06, 0.7025, 82.31, 96.20
39, 0.5356, 86.12, 0.7070, 82.27, 96.20
40, 0.5307, 86.23, 0.7100, 82.29, 96.11
41, 0.5274, 86.35, 0.7109, 82.24, 96.11
42, 0.5239, 86.42, 0.7162, 82.16, 96.17
43, 0.5194, 86.55, 0.7150, 82.20, 96.12
44, 0.5165, 86.61, 0.7147, 82.29, 96.19
45, 0.5125, 86.74, 0.7110, 82.25, 96.20
46, 0.5088, 86.84, 0.7133, 82.28, 96.16
47, 0.5039, 86.94, 0.7138, 82.13, 96.19
48, 0.5014, 86.99, 0.7161, 82.16, 96.15
49, 0.4989, 87.08, 0.7135, 82.30, 96.20
50, 0.4935, 87.25, 0.7137, 82.20, 96.14
51, 0.4912, 87.27, 0.7143, 82.26, 96.15
52, 0.4858, 87.45, 0.7138, 82.26, 96.16
53, 0.4831, 87.56, 0.7129, 82.25, 96.16
54, 0.4792, 87.62, 0.7173, 82.26, 96.14
55, 0.4773, 87.69, 0.7182, 82.07, 96.15
56, 0.4723, 87.79, 0.7124, 82.23, 96.14
57, 0.4693, 87.86, 0.7143, 82.23, 96.16
58, 0.4694, 87.90, 0.7135, 82.14, 96.16
59, 0.4647, 88.03, 0.7163, 82.16, 96.19
60, 0.4579, 88.19, 0.7173, 82.16, 96.09
61, 0.4578, 88.23, 0.7160, 82.22, 96.15
62, 0.4554, 88.32, 0.7142, 82.24, 96.10
63, 0.4520, 88.41, 0.7126, 82.16, 96.17
64, 0.4505, 88.44, 0.7129, 82.19, 96.13
65, 0.4473, 88.55, 0.7129, 82.24, 96.20
66, 0.4434, 88.64, 0.7098, 82.25, 96.20
67, 0.4421, 88.70, 0.7125, 82.28, 96.16
68, 0.4391, 88.78, 0.7103, 82.21, 96.19
69, 0.4344, 88.88, 0.7107, 82.26, 96.18
70, 0.4344, 88.89, 0.7086, 82.26, 96.15
71, 0.4339, 88.93, 0.7083, 82.37, 96.22
72, 0.4319, 89.00, 0.7079, 82.33, 96.18
73, 0.4291, 89.06, 0.7065, 82.32, 96.21
74, 0.4262, 89.17, 0.7083, 82.35, 96.16
75, 0.4263, 89.17, 0.7058, 82.41, 96.21
76, 0.4239, 89.25, 0.7060, 82.39, 96.20
77, 0.4237, 89.28, 0.7070, 82.32, 96.16
78, 0.4205, 89.32, 0.7066, 82.38, 96.20
79, 0.4228, 89.29, 0.7050, 82.33, 96.22
80, 0.4193, 89.37, 0.7051, 82.34, 96.22
81, 0.4183, 89.41, 0.7048, 82.37, 96.22
82, 0.4165, 89.49, 0.7049, 82.43, 96.22
83, 0.4168, 89.44, 0.7053, 82.34, 96.21
84, 0.4193, 89.43, 0.7047, 82.42, 96.23
85, 0.4164, 89.46, 0.7046, 82.47, 96.22
86, 0.4148, 89.51, 0.7048, 82.44, 96.22
87, 0.4158, 89.52, 0.7045, 82.43, 96.22
88, 0.4143, 89.54, 0.7043, 82.43, 96.22
89, 0.4151, 89.52, 0.7040, 82.43, 96.21

Final Results:
Max Accuracy: 82.98%
Final Val Acc1: 82.43%
Final Val Acc5: 96.21%
Total Training Time: 1 day, 16:33:59
